0,515
0,514
0,513
0,512
24,36
0,511
0,510
0,509
27,10
27,9
27,8
27,7
0,508
27,6
27,5
27,4
26,6
26,5
26,4
0,507
0,506
0,505
0,504
0,503
0,502
0,501
0,500
0,499
0,498
53,7
0,497
53,6
53,5
53,4
53,3
53,2
53,1
53,0
0,496
0,495
52,7
52,6
52,5
52,4
52,3
52,2
52,1
52,0
51,7
51,6
51,5
51,4
14,10
51,3
51,2
0,494
51,1
51,0
0,493
0,492
50,7
50,6
50,5
14,9
14,8
50,4
0,491
50,3
50,2
50,1
50,0
0,490
0,489
0,488
49,7
0,487
0,486
0,485
49,6
49,5
49,4
49,3
49,2
49,1
49,0
48,6
48,5
48,4
48,3
48,2
48,1
48,0
47,7
47,6
47,5
47,4
47,3
47,2
47,1
47,0
46,7
14,7
0,484
0,483
46,6
0,482
0,481
0,480
46,5
0,479
0,478
0,477
0,476
46,4
0,475
0,474
0,473
46,3
46,2
46,1
46,0
0,472
0,471
0,470
45,8
0,469
0,468
0,467
0,466
45,7
0,465
0,464
0,463
45,6
0,462
0,461
0,460
0,459
45,5
0,458
0,457
0,456
0,455
45,4
0,454
45,3
45,2
0,453
45,1
45,0
0,452
0,451
0,450
44,7
0,449
0,448
0,447
0,446
44,6
44,5
44,4
44,3
44,2
44,1
44,0
43,5
